There are 6 inequivalent graphs of degree 3 with 8 vertices.

Solution 1:
[0, 1, 1, 1, 0, 0, 0, 0]
[1, 0, 1, 1, 0, 0, 0, 0]
[1, 1, 0, 1, 0, 0, 0, 0]
[1, 1, 1, 0, 0, 0, 0, 0]
[0, 0, 0, 0, 0, 1, 1, 1]
[0, 0, 0, 0, 1, 0, 1, 1]
[0, 0, 0, 0, 1, 1, 0, 1]
[0, 0, 0, 0, 1, 1, 1, 0]

Solution 2:
[0, 1, 1, 1, 0, 0, 0, 0]
[1, 0, 1, 1, 0, 0, 0, 0]
[1, 1, 0, 0, 1, 0, 0, 0]
[1, 1, 0, 0, 0, 1, 0, 0]
[0, 0, 1, 0, 0, 0, 1, 1]
[0, 0, 0, 1, 0, 0, 1, 1]
[0, 0, 0, 0, 1, 1, 0, 1]
[0, 0, 0, 0, 1, 1, 1, 0]

Solution 3:
[0, 1, 1, 1, 0, 0, 0, 0]
[1, 0, 1, 0, 1, 0, 0, 0]
[1, 1, 0, 0, 0, 1, 0, 0]
[1, 0, 0, 0, 1, 0, 1, 0]
[0, 1, 0, 1, 0, 0, 0, 1]
[0, 0, 1, 0, 0, 0, 1, 1]
[0, 0, 0, 1, 0, 1, 0, 1]
[0, 0, 0, 0, 1, 1, 1, 0]

Solution 4:
[0, 1, 1, 1, 0, 0, 0, 0]
[1, 0, 1, 0, 1, 0, 0, 0]
[1, 1, 0, 0, 0, 1, 0, 0]
[1, 0, 0, 0, 0, 0, 1, 1]
[0, 1, 0, 0, 0, 0, 1, 1]
[0, 0, 1, 0, 0, 0, 1, 1]
[0, 0, 0, 1, 1, 1, 0, 0]
[0, 0, 0, 1, 1, 1, 0, 0]

Elapsed time: 00:00:00
